0,51.2669028440634,0.0468188258194979;
1,51.2478371374003,-0.221232138316734;
2,51.5570698528084,-0.0488692950508861;
3,51.3548826455391,-0.294094566121496;
4,51.7172901814361,-0.264232818211081;
5,51.7230885777858,-0.288772459489406;
6,51.4450364354191,-0.492977310347644;
7,51.4650363507696,-0.145298571695452;
8,51.6636954603735,0.162995242884575;
9,51.6936925062973,-0.124448685705008;
10,51.2190338918597,0.1219146952833;
11,51.4723715738974,-0.306762705693425;
12,51.6448801249695,-0.46423394082163;
13,51.3837672167756,-0.186734112438442;
14,51.4871862371246,-0.269745294606814;
15,51.5068290807959,-0.224774665021848;
16,51.587358116158,-0.317515557590808;
17,51.2280963292772,-0.211974983137764;
18,51.6232475732819,-0.204629423015455;
19,51.6547422468188,-0.0759885313897889;
20,51.2668063767555,0.189161374807439;
21,51.2179962222618,-0.444665964679382;
22,51.3727716167256,-0.226781444753135;
23,51.5015089867759,-0.402299067054776;
24,51.4179883281478,0.236939251769777;
25,51.5867412328961,-0.0538082321802347;
26,51.4373052189349,-0.467424053954812;
27,51.3713233618769,-0.249154747166649;
28,51.3017488401953,0.146466749161348;
29,51.4879011085,-0.0498108624705668;
30,51.3351630077567,0.212032436393309;
31,51.6035700180529,0.0334886687736039;
32,51.6011505821859,-0.00142876738733744;
33,51.5064677789206,-0.39077150632854;
34,51.2346850094101,-0.461636455771227;
35,51.553329984096,-0.124549118612776;
36,51.6996504239946,-0.201181474319882;
37,51.4085318025039,-0.399396069776562;
38,51.5994373558185,-0.216227748074651;
39,51.7106780154564,-0.135018910691984;
40,51.4911157108374,-0.412215868989842;
41,51.2214253865384,0.0177455295254498;
42,51.5180589903135,-0.547343448316739;
43,51.6934327857764,0.00589269603089604;
44,51.7059243308257,0.0546324027781633;
45,51.32310665738,-0.545773375867669;
46,51.654456099462,-0.294890658651473;
47,51.3681256117292,-0.339439742194326;
48,51.2526495342579,-0.245522463450365;
49,51.4027603681282,0.0577427854496463;
50,51.6231127722555,-0.219604092471327;
51,51.2803969637846,-0.293546307882149;
52,51.3304464902482,-0.338051784471204;
53,51.5296961619196,-0.520509884516892;
54,51.5822529284873,-0.436693879891376;
55,51.5172389101647,0.149403286648181;
56,51.634181489762,-0.49894987217963;
57,51.2272714443577,-0.486568490016426;
58,51.6479855443144,-0.451168876942173;
59,51.248372967913,0.109725310602632;
60,51.566124787298,0.282222202403614;
61,51.3290714118909,-0.237731368737322;
62,51.6710161958142,0.025244430878537;
63,51.5340891529494,0.0280504226580869;
64,51.2629552750821,-0.432138637709666;
65,51.2641068052909,-0.195066046589575;
66,51.2196422554552,-0.30546350920538;
67,51.5593938015378,-0.408791249550436;
68,51.2289652797963,0.0874579590970832;
69,51.4269052725321,-0.243629607051629;
70,51.414993332962,0.242889578331818;
71,51.6815274566796,0.180731271968506;
72,51.2613881531294,-0.179197808359475;
73,51.3114135783015,0.153752232035789;
74,51.3497606472659,-0.355065682367095;
75,51.4166169015882,0.299216599166335;
76,51.3571332961222,-0.00141713756790662;
77,51.2142962563531,0.208130454408741;
78,51.2913838321685,0.133887267641704;
79,51.4200562791393,-0.0423132341196277;
80,51.5313138275352,0.300337581155064;
81,51.6972110570415,-0.0382440363411545;
82,51.2311372170371,-0.388037190537135;
83,51.6136459611568,-0.0748860178775387;
84,51.4132077331689,0.212838729101632;
85,51.2375124843795,-0.443874173918708;
86,51.5732549827405,0.0842626673480662;
87,51.3954097543423,0.148657960465919;
88,51.2283669370741,-0.200184170374176;
89,51.3486117929866,-0.137288125700457;
90,51.4502633377309,0.182252289495275;
91,51.4135346851051,0.220981380430734;
92,51.594519455013,-0.431304391167059;
93,51.2774747956609,-0.207762783541469;
94,51.3566377154522,0.17174697808692;
95,51.2199536346096,-0.326903035535929;
96,51.3775036324455,0.192483566886168;
97,51.5885491822937,-0.170820033284955;
98,51.7032623966114,-0.260017593577129;
99,51.6202200914606,0.251235830442008;
100,51.5433794796112,0.0248181690927884;
101,51.4225888315865,-0.196420867304301;
102,51.3048123631739,-0.313686353453992;
103,51.3464412962449,-0.055062191094868;
104,51.3508895264816,-0.36710671381401;
105,51.6387934414277,0.115388976308519;
106,51.4757272246819,0.27558375187824;
107,51.2724482364848,0.148940404502456;
108,51.5068081444436,-0.492050963011266;
109,51.643804116873,0.242054303276408;
110,51.2458330227205,-0.208191008700974;
111,51.3472868025045,-0.0453252827622105;
112,51.6499223429702,0.148706313413729;
113,51.6268640002841,0.211426223405119;
114,51.7204327757905,0.266383796017477;
115,51.6428609370339,0.0659644258990266;
116,51.5247010119327,-0.236809839084203;
117,51.637818275435,0.165850110570499;
118,51.4296457566076,0.323409428165057;
119,51.5697600643548,-0.135428756882973;
120,51.6651762300607,-0.053848331747905;
121,51.2763954481497,-0.494445042043279;
122,51.7206469816083,-0.324029031793298;
123,51.5961060374458,-0.21106541895894;
124,51.5856874618315,0.281486294448184;
125,51.6550493589697,0.231473123923615;
126,51.4666067679206,0.24328305658275;
127,51.6461893120274,-0.329590007416058;
128,51.4141442578402,0.18801181947329;
129,51.497169326716,-0.210219273658623;
130,51.4525922685746,-0.200763414530071;
131,51.5081905622476,-0.248008696317906;
132,51.405783985674,-0.438317803812183;
133,51.2889687168426,-0.418265884631898;
134,51.2682472486581,-0.283475624353414;
135,51.4033754827335,-0.0347044078707492;
136,51.406820565158,-0.228237169121216;
137,51.2215504606709,-0.109922335946457;
138,51.3506425383757,-0.38331921997697;
139,51.5135923285245,-0.0290291836202914;
140,51.2367801848059,-0.181971087879069;
141,51.2833738225926,-0.512294326050757;
142,51.2457098919592,0.293118675629956;
143,51.3185562843599,0.0764444131839166;
144,51.4776071462114,-0.0444541021673666;
145,51.4286300195459,-0.033090066689095;
146,51.4364806887028,-0.281823385665748;
147,51.2164129175798,-0.125847785512037;
148,51.7211328953753,0.137226813076866;
149,51.5694158070704,0.20788115981226;
150,51.2712571889917,-0.0280984271879305;
151,51.3571328596943,-0.180952294977503;
152,51.5060944602191,-0.309464645708514;
153,51.4738032019406,-0.442651498451724;
154,51.6658849400581,-0.249608165917172;
155,51.7196409547101,-0.378528348909992;
156,51.3419641929291,0.301022531729579;
157,51.3890879561162,-0.513215758736915;
158,51.3479481892282,-0.0864968334415373;
159,51.3583623835934,-0.179568188997536;
160,51.6890161047873,-0.165426906642064;
161,51.5415306202318,-0.0804550363709685;
162,51.6682509395529,0.142464718407356;
163,51.2906194403219,-0.492721918021147;
164,51.3990630131389,-0.0800237111694486;
165,51.4758486697223,-0.1192799385368;
166,51.4698782026898,0.0925862014254528;
167,51.4591162481441,-0.151367947578513;
168,51.2850280322374,0.0822694377135386;
169,51.4588103726187,0.145480495305254;
170,51.4423759679947,-0.484925408076309;
171,51.6385876711455,-0.402208171303402;
172,51.5151008276391,-0.358203971632547;
173,51.3860670422248,-0.13425045167381;
174,51.7087459673165,0.298436848469925;
175,51.3265830290117,-0.143097338814073;
176,51.4679027890036,-0.313071339678164;
177,51.6912654876739,0.0457363683069136;
178,51.7026446507709,0.109654755950364;
179,51.4877625631799,0.145002924322566;
180,51.278006789623,-0.165689654368344;
181,51.6060098240631,-0.245358735566317;
182,51.6405660772074,-0.112900943419325;
183,51.5721790453902,-0.0896857431898754;
184,51.4616216414361,0.235971048686333;
185,51.6793453444055,-0.0689939949796446;
186,51.238417356791,-0.1141490412199;
187,51.714435847744,0.199647510792159;
188,51.5263804344935,-0.138778376107922;
189,51.6988766386698,0.0369236678216726;
190,51.4432192053548,0.0481299637472909;
191,51.2674476744088,-0.196539107324151;
192,51.3743782134192,-0.511767824876773;
193,51.7236815767751,-0.352145351623107;
194,51.6225172483895,0.160280986407945;
195,51.4704322630324,-0.205469563408828;
196,51.3068047566799,0.060484106896754;
197,51.5530188723912,-0.54721009761221;
198,51.3746806230948,-0.127351404514002;
199,51.3878333220743,-0.473909276791917;
200,51.4816007260756,0.169051218265203;
201,51.7213281576866,-0.487041535459901;
202,51.2399011965313,0.0452267667337143;
203,51.4261648091745,-0.554492599788587;
204,51.3653751435876,-0.481025453695749;
205,51.2471156488593,-0.122870503668685;
206,51.6247507547155,0.218760341011699;
207,51.3875310072847,-0.156118121529286;
208,51.3841038858064,-0.232654132273348;
209,51.231222484208,0.142487822650447;
210,51.4715820121562,-0.135703305985614;
211,51.5861362084763,0.0500801906067748;
212,51.4127857792806,-0.0965753878696233;
213,51.4005181126884,-0.237111971557612;
214,51.641524849188,0.306004660595228;
215,51.4875870345345,-0.439902362047744;
216,51.2792398988758,0.205727460632191;
217,51.2868124420115,0.00940402506682558;
218,51.5668134835127,-0.529146895787678;
219,51.3938572756707,0.0138727503427676;
220,51.5390436945822,0.329317302260274;
221,51.6918990677706,0.0804525980247914;
222,51.592446515932,-0.541385564133221;
223,51.5171218841365,-0.276818912131532;
224,51.3944711526945,-0.364950225383465;
225,51.560662521973,0.292277963794537;
226,51.4424414893103,-0.0600599917275235;
227,51.5154622265516,-0.509189008038212;
228,51.2584843768827,-0.279335819295305;
229,51.566684145723,-0.0774798123820009;
230,51.3726840469551,-0.503894502595604;
231,51.2990412182364,-0.26251456325641;
232,51.4953527955101,0.278355496916403;
233,51.3970085309449,0.287465111477899;
234,51.5864789530814,0.0724996559237123;
235,51.6035236649111,-0.284784327333087;
236,51.2190710761904,-0.202975002985566;
237,51.2902558788684,-0.101686948151286;
238,51.4902127662615,-0.54410248554371;
239,51.6968199607127,-0.222817319378541;
240,51.687557821417,-0.50865351172828;
241,51.2158860441174,-0.00266746892368397;
242,51.3629489179916,-0.0368982845235682;
243,51.5642169716648,-0.0457902153033224;
244,51.3503121734104,-0.47342501011629;
245,51.4940562431131,-0.217815588268874;
246,51.3885006036824,0.170351905309474;
247,51.3824340068207,-0.0414038481279532;
248,51.6380162911143,-0.0177648857055153;
249,51.2981666228348,0.158828354622883;
250,51.5511173022667,0.0191217530031828;
251,51.5142414085057,0.0214367699825035;
252,51.4463650590564,-0.223031547158357;
253,51.6966231950433,-0.509811148885638;
254,51.4222198697553,-0.484496682749619;
255,51.476483125782,-0.48762640867217;
256,51.4024487203292,-0.274558332569598;
257,51.5281356695609,-0.325077297678195;
258,51.2405985682453,-0.0688514365577537;
259,51.2327567856315,0.30574215155685;
260,51.3434472162193,0.144125918665484;
261,51.5626061813431,0.0103693692824903;
262,51.2948761441758,-0.215688125696232;
263,51.7076255327188,-0.380522130510295;
264,51.2476124236115,-0.045346978498042;
265,51.5637152116913,0.277697028681826;
266,51.6483921672966,-0.430576015555395;
267,51.5807496438023,-0.306928005353888;
268,51.4527633425956,-0.237129167446331;
269,51.2992130661642,0.262315082245029;
270,51.5424765682574,0.00815793870909742;
271,51.2984862804968,-0.388022225717285;
272,51.510840424186,-0.135670672045126;
273,51.2190380821416,-0.531749911269941;
274,51.317235115132,-0.491749142572564;
275,51.4826375139742,-0.304849355700535;
276,51.5041135785161,-0.378777420565341;
277,51.4952771118286,0.221401813839134;
278,51.7088043480398,0.291223359419777;
279,51.4646046212298,-0.490295385722127;
280,51.4241178528532,0.108433319505653;
281,51.7187246352666,0.187393813396514;
282,51.4172225120547,-0.0415691796963481;
283,51.3307404194547,-0.351549142807399;
284,51.5212745558516,-0.257282554677408;
285,51.6201229532582,0.0642830623145546;
286,51.4081920268517,-0.448757180588111;
287,51.3809834639519,-0.00268623161615444;
288,51.5317581001959,-0.116423754337912;
289,51.2422569789274,0.0569304086861337;
290,51.4036757802986,0.278736827776393;
291,51.7236721763656,0.331063579837756;
292,51.2383242826746,-0.197673800192464;
293,51.4031708235978,0.0230662040301227;
294,51.5167605208362,0.195502134277707;
295,51.3745499439942,-0.0962205998503242;
296,51.659007657482,-0.470818571783199;
297,51.4742946795664,0.24211320697542;
298,51.5463622775201,-0.259874863598308;
299,51.6193589376097,-0.552627679405419;
300,51.3381252369071,0.141321712901317;
301,51.4324088481768,0.217308020018177;
302,51.3566317577087,0.182515194689269;
303,51.6763611712467,-0.157102606774323;
304,51.6609301266737,0.271398879146095;
305,51.3430568213779,-0.134545512603709;
306,51.6728290264649,0.158602624655362;
307,51.5739174163175,-0.133399291441202;
308,51.5992507271802,0.325059834011414;
309,51.6168757904319,0.331056273335843;
310,51.3199699000702,-0.0396253961670736;
311,51.5408575668282,0.118284585035852;
312,51.2241734335326,-0.308503457397323;
313,51.6384506320515,-0.30134890726923;
314,51.5272565736454,-0.171561581899644;
315,51.7124700259124,-0.298055167534414;
316,51.573872794069,-0.507236092210323;
317,51.441827250907,-0.0314264086914684;
318,51.4754752805136,-0.442499615869242;
319,51.5814329549358,-0.359304430191134;
320,51.4700078423462,0.266122422818582;
321,51.6127554499974,0.0345614577685699;
322,51.5168199008505,0.193942774191441;
323,51.5320553107383,-0.495908825443189;
324,51.4149094532305,-0.52416016264896;
325,51.2875099375314,0.0322236908485134;
326,51.4936174169584,0.152788027803494;
327,51.6216718004477,0.0358699162588986;
328,51.287769427649,0.0414277843806468;
329,51.6482803040725,-0.553058627927593;
330,51.2139355923891,-0.00586996937887652;
331,51.6425127516588,-0.162411463741475;
332,51.7044467824835,0.302850012506271;
333,51.6089068222921,0.193893223245842;
334,51.3967668825088,-0.453408281240507;
335,51.7079654436492,0.00158753122595912;
336,51.3531689676862,-0.0510495209104863;
337,51.4680526561156,-0.301355418559189;
338,51.6247713927863,0.313178062509367;
339,51.2985199327727,-0.395266590456582;
340,51.5503903053166,0.122961088545571;
341,51.6716627040732,-0.0415745638489888;
342,51.3606548617088,-0.276837447324595;
343,51.5948544758472,0.252192916719258;
344,51.3461504779618,0.14017197233541;
345,51.4412213581724,0.192952673979247;
346,51.356880134688,0.0812542930902649;
347,51.3259444658448,0.230771045834519;
348,51.2580957466347,-0.255086286587285;
349,51.5758689299567,0.00321327679958017;
350,51.250070505341,0.138585045868314;
351,51.5775886415575,-0.307112600610716;
352,51.2500955117544,-0.0930992396072561;
353,51.412533387212,0.316884608413799;
354,51.3671877830322,-0.100683265105623;
355,51.656299001337,-0.404239869885986;
356,51.4724910817809,0.0393614267398987;
357,51.3910028363372,-0.342035156958683;
358,51.5853333098698,-0.324330316427385;
359,51.2927874657247,0.0183130829467718;
360,51.3269374527252,0.213529626154281;
361,51.5127982700936,-0.042255236274357;
362,51.5576472723237,-0.445376423780342;
363,51.3911521537317,-0.058927124241523;
364,51.3917282663532,-0.00925984895431897;
365,51.3152076551419,-0.14157835925103;
366,51.3518799244313,-0.0756359810695788;
367,51.2690676005586,0.225682227620206;
368,51.2404484664278,-0.00825242480729027;
369,51.4730421064874,0.128405366088909;
370,51.6881762838024,0.124474136548474;
371,51.5253865718891,0.110841856560112;
372,51.6849298554466,-0.310661731428863;
373,51.3859151841791,-0.0105998788924575;
374,51.4029789769448,0.317160795180662;
375,51.2948855185335,0.18182061952234;
376,51.3072026568392,-0.499764260800379;
377,51.422032519553,-0.369953394836379;
378,51.3142502925893,-0.436214325229885;
379,51.5256005504107,0.288996010932478;
380,51.30226749538,0.184179646241295;
381,51.5381584184072,0.0558926798776126;
382,51.3738377435291,-0.200424078651757;
383,51.6753476488298,0.304842469720224;
384,51.5007515976142,-0.137759129036319;
385,51.3093920179761,-0.45678951915358;
386,51.6002750269296,-0.210766956312037;
387,51.5827678276669,-0.147626869004476;
388,51.3448878954818,0.18824877523124;
389,51.5510801702786,-0.202381948496795;
390,51.6175859935101,0.0987818622709754;
391,51.3101501774594,-0.227979954313127;
392,51.4468903091789,-0.225310341176484;
393,51.3582556133831,-0.370036498836648;
394,51.2814594409415,0.246466573061895;
395,51.5630334500443,0.263107975279698;
396,51.2167563309282,-0.0588341619336019;
397,51.518909717217,-0.470913615565661;
398,51.2807513726795,0.265023405918352;
399,51.4372093357617,-0.0919385111100458;
400,51.4058531360816,-0.225740284391623;
401,51.2402513389009,0.246446323542697;
402,51.6206539634648,-0.511827491051031;
403,51.2517105862881,0.15339825994788;
404,51.3893639908206,0.289348878260059;
405,51.7021151424882,-0.233398361154278;
406,51.4577054455537,-0.366223972188263;
407,51.2962153405551,-0.164707085256749;
408,51.5431960553484,-0.318853278140609;
409,51.3324636461409,0.283472797725006;
410,51.2732621177315,0.0610603885876883;
411,51.6414816803449,0.031737675452487;
412,51.6178926436593,-0.316680782288195;
413,51.2668970976027,-0.380302003492659;
414,51.6199075359106,0.00142366783679959;
415,51.3812182889589,-0.257053865560036;
416,51.4184838550411,-0.432491135402509;
417,51.2245353513307,-0.183382324717321;
418,51.5638398783157,-0.298704642290598;
419,51.5082353214475,-0.193245347698677;
420,51.3654534556361,-0.122251922834754;
421,51.6575911151231,-0.39135086858522;
422,51.7004214201003,-0.270306825302477;
423,51.4411644050417,0.15204046806603;
424,51.4169674318672,-0.415499325668568;
425,51.4455759956461,0.215623647142819;
426,51.5675109704284,-0.115437397713415;
427,51.4208270066004,0.0526099902324085;
428,51.4886993825477,-0.205185802859327;
429,51.2713672395819,-0.0871226155226471;
430,51.6982769923999,0.226721788441259;
431,51.215684867801,0.0836580190916835;
432,51.5327865689557,-0.0055130696346597;
433,51.7072802467454,-0.253830543314822;
434,51.3113537116677,0.106963944758743;
435,51.6015433998477,-0.239394392720206;
436,51.5682408120474,0.179673866325998;
437,51.5451622459688,0.00603750706986961;
438,51.6380084277629,0.0236583286306054;
439,51.5782656149254,-0.138284117277086;
440,51.6365647623389,-0.279290483097378;
441,51.6240668226402,0.0104017802818472;
442,51.3023617810262,-0.144664885149506;
443,51.5446093084842,0.251006772933064;
444,51.5901060393463,-0.253306317549301;
445,51.6659125480697,-0.297121207462858;
446,51.3034650546363,-0.511590940979638;
447,51.4506462267763,-0.183095914566344;
448,51.4609203418705,-0.423420204856814;
449,51.5018750140713,-0.25999042210875;
450,51.3971961015123,-0.461169802688149;
451,51.5234555562622,0.0259762732662341;
452,51.4191900392059,-0.46795718783465;
453,51.3032414271373,0.214277020965034;
454,51.6486383881879,0.133594397584968;
455,51.6527171654327,0.233649926932387;
456,51.5637706889498,0.0187843833993461;
457,51.5735670337453,0.0100690070776944;
458,51.2538165091405,-0.226442974947247;
459,51.4930064331221,-0.411481998583749;
460,51.7125925550915,-0.504618509306992;
461,51.5238733602608,0.20313467267793;
462,51.6561628618679,-0.139815867471707;
463,51.3055757064939,0.016914219341314;
464,51.4001012001883,-0.351594161583566;
465,51.2896785661895,0.0497057792096337;
466,51.2588870832467,-0.217305410695354;
467,51.2701621938892,0.0849523664029251;
468,51.5758392734106,-0.423862494783869;
469,51.3339260576511,-0.487697563773693;
470,51.360436622637,0.139967226183899;
471,51.2432518326965,0.299531562357685;
472,51.4615645927023,0.3309084927873;
473,51.5252398854907,-0.0826332918122045;
474,51.391743491618,0.181263121243312;
475,51.387695614715,-0.454304753222107;
476,51.5231584678527,-0.198258986268216;
477,51.3978340014331,-0.286613579621557;
478,51.4705186451739,0.114433440259471;
479,51.6192011600617,0.276609616737704;
480,51.684901528022,-0.0811508505601706;
481,51.4706043432755,-0.00369015997994004;
482,51.534491532351,-0.397918363330044;
483,51.6229922019831,-0.285121559359869;
484,51.4877887502911,0.319498454359651;
485,51.6903498893165,0.273933504742763;
486,51.2825847132929,-0.13741966552628;
487,51.6626138965445,-0.384368542967492;
488,51.7260801931645,0.0187609343848395;
489,51.4027143608304,0.216746032251755;
490,51.6544999399166,0.0224438075048564;
491,51.3651287950662,-0.0775653832383209;
492,51.6698965073984,-0.523340011538669;
493,51.2526270589354,0.0571212997507868;
494,51.2239470569677,0.165024551273021;
495,51.3255961117304,0.29395696370575;
496,51.3967086406489,-0.287645585721853;
497,51.2941900184883,0.116078596629521;
498,51.3572414217449,-0.16455574552349;
499,51.3853864084549,-0.281712370098845;

